36271
36272
36273
36274
36276
36277
36278
36279
36280
36281
36282
36283
36284
36285
36286
36287
36288
36289
36290
36295
36296
36297
36299
36300
36301
36302
36303
36304
36305
36306
36307
36309
36310
36311
36312
36313
36314
36346
36347
36348
36349
36350
36351
36352
36353
36354
36355
36356
36357
36358
36359
36360
36361
36362
36363
36364
36365
36374
36375
36376
36377
36378
36379
36380
36381
36382
36383
36406
36407
36408
36409
36410
36411
36412
36416
36417
36419
36438
36439
36440
36442
36443
36444
36445
36446
36447
36451
36452
36453
36454
36455
36456
36457
36458
36459
36460
36461
36462
36463
36464
36465
36472
36473
36474
36475
36479
36480
36481
36482
36483
36484
36503
36504
36505
36506
36507
36508
36509
36510
36511
36512
36514
36515
36516
36517
36518
36519
36520
36521
36522
36523
