36759
36760
36761
36762
36763
36764
36765
36766
36767
36768
36769
36770
36771
36799
36800
36801
36802
36803
36804
36805
36806
36807
36808
36817
36818
36819
36820
36821
36824
36825
36826
36827
36828
36829
36831
36832
36833
36834
36835
36836
36837
36838
36839
36859
36860
36861
36862
36863
36864
36865
36866
36867
36868
36896
36897
36898
36899
36900
36901
36902
36903
36904
36917
36918
36924
36925
36926
36927
36928
36929
36930
36931
36947
36948
36949
36951
36953
36954
36955
36956
36957
37029
37030
37031
37032
37033
37034
37035
37036
37037
37038
37047
37048
37050
37051
37052
37053
37055
37056
37057
37059
37061
37062
37063
37066
37067
37068
37069
37070
37071
37072
37074
37075
37076
37077
37078
37079
37080
37081
37082
37083
37109
37110
37111
37112
37113
37114
37115
37116
37117
37118
37136
37137
37138
37141
37142
37143
37144
37145
37146
37147
37148
