37213
37214
37216
37217
37218
37219
37220
37221
37222
37223
37226
37227
37228
37229
37230
37231
37232
37233
37234
37235
37258
37259
37260
37261
37262
37263
37264
37265
37266
37267
37291
37292
37293
37294
37295
37296
37298
37299
37300
37301
37309
37310
37311
37312
37313
37314
37315
37316
37317
37318
37351
37352
37353
37354
37355
37356
37357
37358
37359
37360
37379
37380
37381
37382
37383
37384
37385
37386
37388
37396
37397
37398
37399
37400
37402
37404
37405
37406
37407
37436
37437
37438
37439
37440
37441
37442
37443
37444
37445
37477
37478
37479
37480
37481
37482
37483
37484
37485
37486
37505
37508
37509
37510
37512
37513
37515
37516
37517
37518
37529
37530
37531
37532
37533
37534
37535
37536
37537
37538
37560
37562
37563
37564
37565
37566
37567
37568
37569
37570
37579
37580
37582
37583
37584
37592
37593
37594
37595
37601
37602
37603
37604
37605
37606
37607
37608
37609
37610
